start=1.520000
volume=70.000000
border=no
